Pheromone map for pheromone value 0.01:
{
0,0,0,0,0,0,0,0,0,0,0,0,0,0,0,0,0,0,0,0,0,0,0,0,0,0,0,0,0,0,0,0,0,0,0,0,0,0,0,0,0,0,0,0,0,0,0,0,0,0,}
{
0,3870,3873,3861,0,0,0,0,0,0,0,0,0,0,0,0,0,0,0,0,0,0,0,0,0,0,0,0,0,0,0,0,0,0,0,0,0,0,0,0,0,0,0,0,0,0,0,0,0,0,}
{
0,3873,3890,3893,3882,3866,0,0,0,0,0,0,0,0,0,0,0,0,0,0,0,0,0,0,0,0,0,0,0,0,0,0,0,0,0,0,0,0,0,0,0,0,0,0,0,0,0,0,0,0,}
{
0,3861,3893,3911,3914,3902,3887,3871,3859,0,0,0,0,0,0,0,0,0,0,0,0,0,0,0,0,0,0,0,0,0,0,0,0,0,0,0,0,0,0,0,0,0,0,0,0,0,0,0,0,0,}
{
0,0,3882,3914,3931,3934,3923,3907,3891,3880,3864,0,0,0,0,0,0,0,0,0,0,0,0,0,0,0,0,0,0,0,0,0,0,0,0,0,0,0,0,0,0,0,0,0,0,0,0,0,0,0,}
{
0,0,3866,3902,3934,3951,3955,3943,3927,3912,3900,3884,0,0,0,0,0,0,0,0,0,0,0,0,0,0,0,0,0,0,0,0,0,0,0,0,0,0,0,0,0,0,0,0,0,0,0,0,0,0,}
{
0,0,0,3887,3923,3955,3972,3975,3963,3948,3932,3920,3905,0,0,0,0,0,0,0,0,0,0,0,0,0,0,0,0,0,0,0,0,0,0,0,0,0,0,0,0,0,0,0,0,0,0,0,0,0,}
{
0,0,0,3871,3907,3943,3975,3992,3995,3984,3968,3953,3941,3925,0,0,0,0,0,0,0,0,0,0,0,0,0,0,0,0,0,0,0,0,0,0,0,0,0,0,0,0,0,0,0,0,0,0,0,0,}
{
0,0,0,3859,3891,3927,3963,3995,4013,4016,4004,3989,3973,3961,3946,0,0,0,0,0,0,0,0,0,0,0,0,0,0,0,0,0,0,0,0,0,0,0,0,0,0,0,0,0,0,0,0,0,0,0,}
{
0,0,0,0,3880,3912,3948,3984,4016,4033,4036,4025,4009,3993,3982,3966,0,0,0,0,0,0,0,0,0,0,0,0,0,0,0,0,0,0,0,0,0,0,0,0,0,0,0,0,0,0,0,0,0,0,}
{
0,0,0,0,3864,3900,3932,3968,4004,4036,4053,4057,4045,4029,4014,4002,3987,0,0,0,0,0,0,0,0,0,0,0,0,0,0,0,0,0,0,0,0,0,0,0,0,0,0,0,0,0,0,0,0,0,}
{
0,0,0,0,0,3884,3920,3953,3989,4025,4057,4074,4077,4065,4050,4034,4023,4007,0,0,0,0,0,0,0,0,0,0,0,0,0,0,0,0,0,0,0,0,0,0,0,0,0,0,0,0,0,0,0,0,}
{
0,0,0,0,0,0,3905,3941,3973,4009,4045,4077,4094,4097,4086,4070,4055,4043,4027,0,0,0,0,0,0,0,0,0,0,0,0,0,0,0,0,0,0,0,0,0,0,0,0,0,0,0,0,0,0,0,}
{
0,0,0,0,0,0,0,3925,3961,3993,4029,4065,4097,4115,4118,4106,4091,4075,4063,4048,0,0,0,0,0,0,0,4215,4215,0,0,0,0,0,0,0,0,0,0,0,0,0,0,0,0,0,0,0,0,0,}
{
0,0,0,0,0,0,0,0,3946,3982,4014,4050,4086,4118,4135,4138,4127,4111,4095,4084,4068,0,0,0,4207,4215,4216,4217,4218,0,0,0,0,0,0,0,0,0,0,0,0,0,0,0,0,0,0,0,0,0,}
{
0,0,0,0,0,0,0,0,0,3966,4002,4034,4070,4106,4138,4155,4159,4147,4131,4116,4104,4089,4212,4216,4217,4218,4219,4220,4308,4309,4310,0,0,0,0,0,0,0,0,0,0,0,0,0,0,0,0,0,0,0,}
{
0,0,0,0,0,0,0,0,0,0,3987,4023,4055,4091,4127,4159,4176,4179,4167,4208,4216,4218,4220,4221,4222,4306,4309,4310,4311,4311,4312,4312,0,0,0,0,0,0,0,0,0,0,0,0,0,0,0,0,0,0,}
{
0,0,0,0,0,0,0,0,0,0,0,4007,4043,4075,4111,4147,4179,4194,4207,4223,4232,4228,4227,4308,4310,4311,4312,4313,4314,4402,4408,4409,4410,0,0,0,0,0,0,0,0,0,0,0,0,0,0,0,0,0,}
{
0,0,0,0,0,0,0,0,0,0,0,0,-1,4063,-1,-1,-1,-1,-1,-1,4301,4313,4315,4316,4316,4316,4317,4406,4409,4410,4411,4411,4412,4412,0,0,0,0,0,0,0,0,0,0,0,0,0,0,0,0,}
{
0,0,0,0,0,0,0,0,0,0,0,0,0,4048,4084,4116,4152,4184,4191,-1,4301,4350,4350,4329,4324,4409,4410,4411,4413,4413,4414,4502,4509,4510,4511,0,0,0,0,0,0,0,0,0,0,0,0,0,0,0,}
{
0,0,0,0,0,0,0,0,0,0,0,0,0,0,4068,4104,4136,4172,4258,-1,4279,4364,4401,4413,4415,4416,4416,4417,4417,4507,4510,4511,4512,4512,4513,4513,0,0,0,0,0,0,0,0,0,0,0,0,0,0,}
{
0,0,0,0,0,0,0,0,0,0,0,0,0,0,0,4089,4125,4157,4260,-1,4275,4365,4401,4451,4451,4430,4425,4510,4511,4513,4514,4514,4515,4604,4611,4612,4613,0,0,0,0,0,0,0,0,0,0,0,0,0,}
{
0,0,0,0,0,0,0,0,0,0,0,0,0,0,0,0,4109,4256,4261,4267,4359,4366,4380,4464,4501,4515,4516,4517,4517,4518,4518,4609,4612,4613,4614,4614,4615,4615,0,0,0,0,0,0,0,0,0,0,0,0,}
{
0,0,0,0,0,0,0,0,0,0,0,0,0,0,0,0,0,4259,4262,-1,4360,4366,4375,4466,4501,4552,4552,4531,4526,4612,4613,4615,4616,4616,4617,4706,4713,4714,4715,0,0,0,0,0,0,0,0,0,0,0,}
{
0,0,0,0,0,0,0,0,0,0,0,0,0,0,0,0,0,4260,4263,-1,4362,4367,4459,4466,4480,4565,4603,4617,4618,4619,4620,4620,4620,4711,4714,4715,4716,4716,4717,4717,0,0,0,0,0,0,0,0,0,0,}
{
0,0,0,0,0,0,0,0,0,0,0,0,0,0,0,0,4258,4261,4264,-1,4363,4367,4460,4467,4475,4567,4603,4655,4655,4634,4628,4714,4715,4717,4718,4718,4719,4808,4815,4816,4817,0,0,0,0,0,0,0,0,0,}
{
0,0,0,0,0,0,0,0,0,0,0,0,0,0,0,0,-1,4261,-1,-1,4363,4456,4462,4467,4560,4568,4582,4668,4705,4719,4720,4721,4721,4722,4722,4813,4816,4817,4818,4818,4819,4819,0,0,0,0,0,0,0,0,}
{
0,0,0,0,0,0,0,0,0,0,0,0,0,0,0,0,4260,4262,4358,4361,4364,4459,4463,4467,4562,4568,4577,4670,4705,4756,4756,4735,4730,4816,4817,4819,4820,4820,4821,4910,4917,4918,4919,0,0,0,0,0,0,0,}
{
0,0,0,0,0,0,0,0,0,0,0,0,0,0,0,0,0,4262,4359,4361,4452,4460,4463,4558,4563,4569,4663,4670,4684,4769,4807,4821,4822,4823,4824,4824,4824,4915,4918,4919,4920,4920,4921,4921,0,0,0,0,0,0,}
{
0,0,0,0,0,0,0,0,0,0,0,0,0,0,0,0,0,0,4360,4362,4458,4461,4464,4561,4564,4569,4664,4671,4679,4771,4807,4859,4859,4838,4832,4918,4919,4921,4922,4922,4923,4923,4924,4924,0,0,0,0,0,0,}
{
0,0,0,0,0,0,0,0,0,0,0,0,0,0,0,0,0,0,0,4362,4459,4461,4553,4562,4565,4660,4666,4671,4764,4772,4786,4872,4909,4923,4924,4925,4925,4926,4926,4926,4926,4926,4926,4926,0,0,0,0,0,0,}
{
0,0,0,0,0,0,0,0,0,0,0,0,0,0,0,0,0,0,0,0,4460,4462,4560,4563,4566,4663,4667,4671,4766,4772,4781,4873,4909,4960,4960,4939,4934,4932,4931,4930,4930,4929,4929,4929,0,0,0,0,0,0,}
{
0,0,0,0,0,0,0,0,0,0,0,0,0,0,0,0,0,0,0,0,0,4462,4561,4563,4656,4664,4667,4762,4767,4773,4867,4874,4888,4973,5000,5000,5000,5000,5000,5000,5000,5000,5000,5000,5000,0,0,0,0,0,}
{
0,0,0,0,0,0,0,0,0,0,0,0,0,0,0,0,0,0,0,0,0,0,4562,4564,4662,4665,4668,4765,4768,4773,4868,4875,4883,4975,5000,5000,5000,5000,5000,5000,5000,5000,5000,4998,4998,0,0,0,0,0,}
{
0,0,0,0,0,0,0,0,0,0,0,0,0,0,0,0,0,0,0,0,0,0,0,4564,4663,4665,4757,4766,4769,4864,4870,4875,4968,4976,4990,5000,5000,5000,5000,5000,4999,4999,4999,5000,5000,0,0,0,0,0,}
{
0,0,0,0,0,0,0,0,0,0,0,0,0,0,0,0,0,0,0,0,0,0,0,0,4664,4666,4764,4767,4770,4867,4871,4875,4970,4976,4985,4994,5000,5000,5000,5000,5000,5000,5000,5000,4997,0,0,0,0,0,}
{
0,0,0,0,0,0,0,0,0,0,0,0,0,0,0,0,0,0,0,0,0,0,0,0,0,4666,4765,4767,4860,4868,4871,4965,4971,4977,4983,4990,4996,4999,5000,5000,5000,5000,4999,5000,0,0,0,0,0,0,}
{
0,0,0,0,0,0,0,0,0,0,0,0,0,0,0,0,0,0,0,0,0,0,0,0,0,0,4766,4768,4866,4869,4872,4969,4972,4977,4982,4987,4992,4996,4999,5000,4998,5000,5000,5000,0,0,0,0,0,0,}
{
0,0,0,0,0,0,0,0,0,0,0,0,0,0,0,0,0,0,0,0,0,0,0,0,0,0,0,4768,4867,4869,4961,4970,4973,4977,4981,4986,4989,4993,4996,4999,5000,5000,4999,0,0,0,0,0,0,0,}
{
0,0,0,0,0,0,0,0,0,0,0,0,0,0,0,0,0,0,0,0,0,0,0,0,0,0,0,0,4868,4870,4968,4971,4974,4977,4980,4984,4988,4991,4994,4996,4999,5000,4996,0,0,0,0,0,0,0,}
{
0,0,0,0,0,0,0,0,0,0,0,0,0,0,0,0,0,0,0,0,0,0,0,0,0,0,0,0,0,4870,4969,4971,4974,4977,4980,4983,4987,4990,4992,4995,4996,4998,0,0,0,0,0,0,0,0,}
{
0,0,0,0,0,0,0,0,0,0,0,0,0,0,0,0,0,0,0,0,0,0,0,0,0,0,0,0,0,0,4970,4972,4974,4977,4980,4983,4986,4988,4991,4993,4994,0,0,0,0,0,0,0,0,0,}
{
0,0,0,0,0,0,0,0,0,0,0,0,0,0,0,0,0,0,0,0,0,0,0,0,0,0,0,0,0,0,0,4972,4975,4977,4980,4982,4985,4987,4989,0,0,0,0,0,0,0,0,0,0,0,}
{
0,0,0,0,0,0,0,0,0,0,0,0,0,0,0,0,0,0,0,0,0,0,0,0,0,0,0,0,0,0,0,0,0,0,0,0,0,0,0,0,0,0,0,0,0,0,0,0,0,0,}
{
0,0,0,0,0,0,0,0,0,0,0,0,0,0,0,0,0,0,0,0,0,0,0,0,0,0,0,0,0,0,0,0,0,0,0,0,0,0,0,0,0,0,0,0,0,0,0,0,0,0,}
{
0,0,0,0,0,0,0,0,0,0,0,0,0,0,0,0,0,0,0,0,0,0,0,0,0,0,0,0,0,0,0,0,0,0,0,0,0,0,0,0,0,0,0,0,0,0,0,0,0,0,}
{
0,0,0,0,0,0,0,0,0,0,0,0,0,0,0,0,0,0,0,0,0,0,0,0,0,0,0,0,0,0,0,0,0,0,0,0,0,0,0,0,0,0,0,0,0,0,0,0,0,0,}
{
0,0,0,0,0,0,0,0,0,0,0,0,0,0,0,0,0,0,0,0,0,0,0,0,0,0,0,0,0,0,0,0,0,0,0,0,0,0,0,0,0,0,0,0,0,0,0,0,0,0,}
{
0,0,0,0,0,0,0,0,0,0,0,0,0,0,0,0,0,0,0,0,0,0,0,0,0,0,0,0,0,0,0,0,0,0,0,0,0,0,0,0,0,0,0,0,0,0,0,0,0,0,}
{
0,0,0,0,0,0,0,0,0,0,0,0,0,0,0,0,0,0,0,0,0,0,0,0,0,0,0,0,0,0,0,0,0,0,0,0,0,0,0,0,0,0,0,0,0,0,0,0,0,0,}
Total pheromoneCount: 3281089

Pheromone map for 0.1:
{
0,0,0,0,0,0,0,0,0,0,0,0,0,0,0,0,0,0,0,0,0,0,0,0,0,0,0,0,0,0,0,0,0,0,0,0,0,0,0,0,0,0,0,0,0,0,0,0,0,0,}
{
0,3883,3886,3874,0,0,0,0,0,0,0,0,0,0,0,0,0,0,0,0,0,0,0,0,0,0,0,0,0,0,0,0,0,0,0,0,0,0,0,0,0,0,0,0,0,0,0,0,0,0,}
{
0,3886,3903,3906,3895,3879,0,0,0,0,0,0,0,0,0,0,0,0,0,0,0,0,0,0,0,0,0,0,0,0,0,0,0,0,0,0,0,0,0,0,0,0,0,0,0,0,0,0,0,0,}
{
0,3874,3906,3924,3927,3915,3900,3884,3872,0,0,0,0,0,0,0,0,0,0,0,0,0,0,0,0,0,0,0,0,0,0,0,0,0,0,0,0,0,0,0,0,0,0,0,0,0,0,0,0,0,}
{
0,0,3895,3927,3944,3947,3936,3920,3904,3893,3877,0,0,0,0,0,0,0,0,0,0,0,0,0,0,0,0,0,0,0,0,0,0,0,0,0,0,0,0,0,0,0,0,0,0,0,0,0,0,0,}
{
0,0,3879,3915,3947,3964,3968,3956,3940,3925,3913,3897,0,0,0,0,0,0,0,0,0,0,0,0,0,0,0,0,0,0,0,0,0,0,0,0,0,0,0,0,0,0,0,0,0,0,0,0,0,0,}
{
0,0,0,3900,3936,3968,3985,3988,3976,3961,3945,3933,3918,0,0,0,0,0,0,0,0,0,0,0,0,0,0,0,0,0,0,0,0,0,0,0,0,0,0,0,0,0,0,0,0,0,0,0,0,0,}
{
0,0,0,3884,3920,3956,3988,4005,4008,3997,3981,3966,3954,3938,0,0,0,0,0,0,0,0,0,0,0,0,0,0,0,0,0,0,0,0,0,0,0,0,0,0,0,0,0,0,0,0,0,0,0,0,}
{
0,0,0,3872,3904,3940,3976,4008,4026,4029,4017,4002,3986,3974,3959,0,0,0,0,0,0,0,0,0,0,0,0,0,0,0,0,0,0,0,0,0,0,0,0,0,0,0,0,0,0,0,0,0,0,0,}
{
0,0,0,0,3893,3925,3961,3997,4029,4046,4049,4038,4022,4006,3995,3979,0,0,0,0,0,0,0,0,0,0,0,0,0,0,0,0,0,0,0,0,0,0,0,0,0,0,0,0,0,0,0,0,0,0,}
{
0,0,0,0,3877,3913,3945,3981,4017,4049,4066,4070,4058,4042,4027,4015,4000,0,0,0,0,0,0,0,0,0,0,0,0,0,0,0,0,0,0,0,0,0,0,0,0,0,0,0,0,0,0,0,0,0,}
{
0,0,0,0,0,3897,3933,3966,4002,4038,4070,4087,4090,4078,4063,4047,4036,4020,0,0,0,0,0,0,0,0,0,0,0,0,0,0,0,0,0,0,0,0,0,0,0,0,0,0,0,0,0,0,0,0,}
{
0,0,0,0,0,0,3918,3954,3986,4022,4058,4090,4107,4110,4099,4083,4068,4056,4040,0,0,0,0,0,0,0,0,0,0,0,0,0,0,0,0,0,0,0,0,0,0,0,0,0,0,0,0,0,0,0,}
{
0,0,0,0,0,0,0,3938,3974,4006,4042,4078,4110,4128,4131,4119,4104,4088,4076,4061,0,0,0,0,0,0,0,4228,4228,0,0,0,0,0,0,0,0,0,0,0,0,0,0,0,0,0,0,0,0,0,}
{
0,0,0,0,0,0,0,0,3959,3995,4027,4063,4099,4131,4148,4151,4140,4124,4108,4097,4081,0,0,0,4220,4228,4229,4230,4231,0,0,0,0,0,0,0,0,0,0,0,0,0,0,0,0,0,0,0,0,0,}
{
0,0,0,0,0,0,0,0,0,3979,4015,4047,4083,4119,4151,4168,4172,4160,4144,4129,4117,4102,4225,4229,4230,4231,4232,4233,4321,4322,4323,0,0,0,0,0,0,0,0,0,0,0,0,0,0,0,0,0,0,0,}
{
0,0,0,0,0,0,0,0,0,0,4000,4036,4068,4104,4140,4172,4189,4192,4180,4221,4229,4231,4233,4234,4235,4319,4322,4323,4324,4324,4325,4325,0,0,0,0,0,0,0,0,0,0,0,0,0,0,0,0,0,0,}
{
0,0,0,0,0,0,0,0,0,0,0,4020,4056,4088,4124,4160,4192,4207,4220,4236,4245,4241,4240,4321,4323,4324,4325,4326,4327,4415,4421,4422,4423,0,0,0,0,0,0,0,0,0,0,0,0,0,0,0,0,0,}
{
0,0,0,0,0,0,0,0,0,0,0,0,-1,4076,-1,-1,-1,-1,-1,-1,4314,4326,4328,4329,4329,4329,4330,4419,4422,4423,4424,4424,4425,4425,0,0,0,0,0,0,0,0,0,0,0,0,0,0,0,0,}
{
0,0,0,0,0,0,0,0,0,0,0,0,0,4061,4097,4129,4165,4197,4204,-1,4314,4363,4363,4342,4337,4422,4423,4424,4426,4426,4427,4515,4522,4523,4524,0,0,0,0,0,0,0,0,0,0,0,0,0,0,0,}
{
0,0,0,0,0,0,0,0,0,0,0,0,0,0,4081,4117,4149,4185,4271,-1,4292,4377,4414,4426,4428,4429,4429,4430,4430,4520,4523,4524,4525,4525,4526,4526,0,0,0,0,0,0,0,0,0,0,0,0,0,0,}
{
0,0,0,0,0,0,0,0,0,0,0,0,0,0,0,4102,4138,4170,4273,-1,4288,4378,4414,4464,4464,4443,4438,4523,4524,4526,4527,4527,4528,4617,4624,4625,4626,0,0,0,0,0,0,0,0,0,0,0,0,0,}
{
0,0,0,0,0,0,0,0,0,0,0,0,0,0,0,0,4122,4269,4274,4280,4372,4379,4393,4477,4514,4528,4529,4530,4530,4531,4531,4622,4625,4626,4627,4627,4628,4628,0,0,0,0,0,0,0,0,0,0,0,0,}
{
0,0,0,0,0,0,0,0,0,0,0,0,0,0,0,0,0,4272,4275,-1,4373,4379,4388,4479,4514,4565,4565,4544,4539,4625,4626,4628,4629,4629,4630,4719,4726,4727,4728,0,0,0,0,0,0,0,0,0,0,0,}
{
0,0,0,0,0,0,0,0,0,0,0,0,0,0,0,0,0,4273,4276,-1,4375,4380,4472,4479,4493,4578,4616,4630,4631,4632,4633,4633,4633,4724,4727,4728,4729,4729,4730,4730,0,0,0,0,0,0,0,0,0,0,}
{
0,0,0,0,0,0,0,0,0,0,0,0,0,0,0,0,4271,4274,4277,-1,4376,4380,4473,4480,4488,4580,4616,4668,4668,4647,4641,4727,4728,4730,4731,4731,4732,4821,4828,4829,4830,0,0,0,0,0,0,0,0,0,}
{
0,0,0,0,0,0,0,0,0,0,0,0,0,0,0,0,-1,4274,-1,-1,4376,4469,4475,4480,4573,4581,4595,4681,4718,4732,4733,4734,4734,4735,4735,4826,4829,4830,4831,4831,4832,4832,0,0,0,0,0,0,0,0,}
{
0,0,0,0,0,0,0,0,0,0,0,0,0,0,0,0,4273,4275,4371,4374,4377,4472,4476,4480,4575,4581,4590,4683,4718,4769,4769,4748,4743,4829,4830,4832,4833,4833,4834,4923,4930,4931,4932,0,0,0,0,0,0,0,}
{
0,0,0,0,0,0,0,0,0,0,0,0,0,0,0,0,0,4275,4372,4374,4465,4473,4476,4571,4576,4582,4676,4683,4697,4782,4820,4834,4835,4836,4837,4837,4837,4928,4931,4932,4933,4933,4934,4934,0,0,0,0,0,0,}
{
0,0,0,0,0,0,0,0,0,0,0,0,0,0,0,0,0,0,4373,4375,4471,4474,4477,4574,4577,4582,4677,4684,4692,4784,4820,4872,4872,4851,4845,4931,4932,4934,4935,4935,4936,4936,4937,4937,0,0,0,0,0,0,}
{
0,0,0,0,0,0,0,0,0,0,0,0,0,0,0,0,0,0,0,4375,4472,4474,4566,4575,4578,4673,4679,4684,4777,4785,4799,4885,4922,4936,4937,4938,4938,4939,4939,4939,4939,4939,4939,4939,0,0,0,0,0,0,}
{
0,0,0,0,0,0,0,0,0,0,0,0,0,0,0,0,0,0,0,0,4473,4475,4573,4576,4579,4676,4680,4684,4779,4785,4794,4886,4922,4973,4973,4952,4947,4945,4944,4943,4943,4942,4942,4942,0,0,0,0,0,0,}
{
0,0,0,0,0,0,0,0,0,0,0,0,0,0,0,0,0,0,0,0,0,4475,4574,4576,4669,4677,4680,4775,4780,4786,4880,4887,4901,4986,4988,4965,4957,4952,4949,4948,4946,4945,4945,4944,0,0,0,0,0,0,}
{
0,0,0,0,0,0,0,0,0,0,0,0,0,0,0,0,0,0,0,0,0,0,4575,4577,4675,4678,4681,4778,4781,4786,4881,4888,4896,4988,5000,5000,5000,4958,4954,4951,4950,4949,4948,4947,0,0,0,0,0,0,}
{
0,0,0,0,0,0,0,0,0,0,0,0,0,0,0,0,0,0,0,0,0,0,0,4577,4676,4678,4770,4779,4782,4877,4883,4888,4981,4989,5000,5000,5000,5000,5000,4955,4954,4952,4950,4949,0,0,0,0,0,0,}
{
0,0,0,0,0,0,0,0,0,0,0,0,0,0,0,0,0,0,0,0,0,0,0,0,4677,4679,4777,4780,4783,4880,4884,4888,4983,4989,4998,5000,5000,5000,5000,5000,5000,4954,4953,4951,0,0,0,0,0,0,}
{
0,0,0,0,0,0,0,0,0,0,0,0,0,0,0,0,0,0,0,0,0,0,0,0,0,4679,4778,4780,4873,4881,4884,4978,4984,4990,4996,5000,5000,5000,5000,5000,4999,5000,5000,0,0,0,0,0,0,0,}
{
0,0,0,0,0,0,0,0,0,0,0,0,0,0,0,0,0,0,0,0,0,0,0,0,0,0,4779,4781,4879,4882,4885,4982,4985,4990,4995,5000,5000,5000,5000,5000,5000,5000,4999,5000,0,0,0,0,0,0,}
{
0,0,0,0,0,0,0,0,0,0,0,0,0,0,0,0,0,0,0,0,0,0,0,0,0,0,0,4781,4880,4882,4974,4983,4986,4990,4994,4999,5000,5000,4999,5000,4999,5000,5000,0,0,0,0,0,0,0,}
{
0,0,0,0,0,0,0,0,0,0,0,0,0,0,0,0,0,0,0,0,0,0,0,0,0,0,0,0,4881,4883,4981,4984,4987,4990,4993,4997,5000,4999,5000,4999,5000,4998,4999,0,0,0,0,0,0,0,}
{
0,0,0,0,0,0,0,0,0,0,0,0,0,0,0,0,0,0,0,0,0,0,0,0,0,0,0,0,0,4883,4982,4984,4987,4990,4993,4996,5000,5000,5000,4998,4999,5000,0,0,0,0,0,0,0,0,}
{
0,0,0,0,0,0,0,0,0,0,0,0,0,0,0,0,0,0,0,0,0,0,0,0,0,0,0,0,0,0,4983,4985,4987,4990,4993,4996,4999,5000,4999,5000,4997,0,0,0,0,0,0,0,0,0,}
{
0,0,0,0,0,0,0,0,0,0,0,0,0,0,0,0,0,0,0,0,0,0,0,0,0,0,0,0,0,0,0,4985,4988,4990,4993,4995,4998,5000,4997,0,0,0,0,0,0,0,0,0,0,0,}
{
0,0,0,0,0,0,0,0,0,0,0,0,0,0,0,0,0,0,0,0,0,0,0,0,0,0,0,0,0,0,0,0,0,0,0,0,0,0,0,0,0,0,0,0,0,0,0,0,0,0,}
{
0,0,0,0,0,0,0,0,0,0,0,0,0,0,0,0,0,0,0,0,0,0,0,0,0,0,0,0,0,0,0,0,0,0,0,0,0,0,0,0,0,0,0,0,0,0,0,0,0,0,}
{
0,0,0,0,0,0,0,0,0,0,0,0,0,0,0,0,0,0,0,0,0,0,0,0,0,0,0,0,0,0,0,0,0,0,0,0,0,0,0,0,0,0,0,0,0,0,0,0,0,0,}
{
0,0,0,0,0,0,0,0,0,0,0,0,0,0,0,0,0,0,0,0,0,0,0,0,0,0,0,0,0,0,0,0,0,0,0,0,0,0,0,0,0,0,0,0,0,0,0,0,0,0,}
{
0,0,0,0,0,0,0,0,0,0,0,0,0,0,0,0,0,0,0,0,0,0,0,0,0,0,0,0,0,0,0,0,0,0,0,0,0,0,0,0,0,0,0,0,0,0,0,0,0,0,}
{
0,0,0,0,0,0,0,0,0,0,0,0,0,0,0,0,0,0,0,0,0,0,0,0,0,0,0,0,0,0,0,0,0,0,0,0,0,0,0,0,0,0,0,0,0,0,0,0,0,0,}
{
0,0,0,0,0,0,0,0,0,0,0,0,0,0,0,0,0,0,0,0,0,0,0,0,0,0,0,0,0,0,0,0,0,0,0,0,0,0,0,0,0,0,0,0,0,0,0,0,0,0,}
Total pheromoneCount: 3263434

Pheromone map for 1:
{
0,0,0,0,0,0,0,0,0,0,0,0,0,0,0,0,0,0,0,0,0,0,0,0,0,0,0,0,0,0,0,0,0,0,0,0,0,0,0,0,0,0,0,0,0,0,0,0,0,0,}
{
0,3869,3872,3860,0,0,0,0,0,0,0,0,0,0,0,0,0,0,0,0,0,0,0,0,0,0,0,0,0,0,0,0,0,0,0,0,0,0,0,0,0,0,0,0,0,0,0,0,0,0,}
{
0,3872,3889,3892,3881,3865,0,0,0,0,0,0,0,0,0,0,0,0,0,0,0,0,0,0,0,0,0,0,0,0,0,0,0,0,0,0,0,0,0,0,0,0,0,0,0,0,0,0,0,0,}
{
0,3860,3892,3910,3913,3901,3886,3870,3858,0,0,0,0,0,0,0,0,0,0,0,0,0,0,0,0,0,0,0,0,0,0,0,0,0,0,0,0,0,0,0,0,0,0,0,0,0,0,0,0,0,}
{
0,0,3881,3913,3930,3933,3922,3906,3890,3879,3863,0,0,0,0,0,0,0,0,0,0,0,0,0,0,0,0,0,0,0,0,0,0,0,0,0,0,0,0,0,0,0,0,0,0,0,0,0,0,0,}
{
0,0,3865,3901,3933,3950,3954,3942,3926,3911,3899,3883,0,0,0,0,0,0,0,0,0,0,0,0,0,0,0,0,0,0,0,0,0,0,0,0,0,0,0,0,0,0,0,0,0,0,0,0,0,0,}
{
0,0,0,3886,3922,3954,3971,3974,3962,3947,3931,3919,3904,0,0,0,0,0,0,0,0,0,0,0,0,0,0,0,0,0,0,0,0,0,0,0,0,0,0,0,0,0,0,0,0,0,0,0,0,0,}
{
0,0,0,3870,3906,3942,3974,3991,3994,3983,3967,3952,3940,3924,0,0,0,0,0,0,0,0,0,0,0,0,0,0,0,0,0,0,0,0,0,0,0,0,0,0,0,0,0,0,0,0,0,0,0,0,}
{
0,0,0,3858,3890,3926,3962,3994,4012,4015,4003,3988,3972,3960,3945,0,0,0,0,0,0,0,0,0,0,0,0,0,0,0,0,0,0,0,0,0,0,0,0,0,0,0,0,0,0,0,0,0,0,0,}
{
0,0,0,0,3879,3911,3947,3983,4015,4032,4035,4024,4008,3992,3981,3965,0,0,0,0,0,0,0,0,0,0,0,0,0,0,0,0,0,0,0,0,0,0,0,0,0,0,0,0,0,0,0,0,0,0,}
{
0,0,0,0,3863,3899,3931,3967,4003,4035,4052,4056,4044,4028,4013,4001,3986,0,0,0,0,0,0,0,0,0,0,0,0,0,0,0,0,0,0,0,0,0,0,0,0,0,0,0,0,0,0,0,0,0,}
{
0,0,0,0,0,3883,3919,3952,3988,4024,4056,4073,4076,4064,4049,4033,4022,4006,0,0,0,0,0,0,0,0,0,0,0,0,0,0,0,0,0,0,0,0,0,0,0,0,0,0,0,0,0,0,0,0,}
{
0,0,0,0,0,0,3904,3940,3972,4008,4044,4076,4093,4096,4085,4069,4054,4042,4026,0,0,0,0,0,0,0,0,0,0,0,0,0,0,0,0,0,0,0,0,0,0,0,0,0,0,0,0,0,0,0,}
{
0,0,0,0,0,0,0,3924,3960,3992,4028,4064,4096,4114,4117,4105,4090,4074,4062,4047,0,0,0,0,0,0,0,4214,4214,0,0,0,0,0,0,0,0,0,0,0,0,0,0,0,0,0,0,0,0,0,}
{
0,0,0,0,0,0,0,0,3945,3981,4013,4049,4085,4117,4134,4137,4126,4110,4094,4083,4067,0,0,0,4206,4214,4215,4216,4217,0,0,0,0,0,0,0,0,0,0,0,0,0,0,0,0,0,0,0,0,0,}
{
0,0,0,0,0,0,0,0,0,3965,4001,4033,4069,4105,4137,4154,4158,4146,4130,4115,4103,4088,4211,4215,4216,4217,4218,4219,4307,4308,4309,0,0,0,0,0,0,0,0,0,0,0,0,0,0,0,0,0,0,0,}
{
0,0,0,0,0,0,0,0,0,0,3986,4022,4054,4090,4126,4158,4175,4178,4166,4207,4215,4217,4219,4220,4221,4305,4308,4309,4310,4310,4311,4311,0,0,0,0,0,0,0,0,0,0,0,0,0,0,0,0,0,0,}
{
0,0,0,0,0,0,0,0,0,0,0,4006,4042,4074,4110,4146,4178,4193,4206,4222,4231,4227,4226,4307,4309,4310,4311,4312,4313,4401,4407,4408,4409,0,0,0,0,0,0,0,0,0,0,0,0,0,0,0,0,0,}
{
0,0,0,0,0,0,0,0,0,0,0,0,-1,4062,-1,-1,-1,-1,-1,-1,4300,4312,4314,4315,4315,4315,4316,4405,4408,4409,4410,4410,4411,4411,0,0,0,0,0,0,0,0,0,0,0,0,0,0,0,0,}
{
0,0,0,0,0,0,0,0,0,0,0,0,0,4047,4083,4115,4151,4183,4190,-1,4300,4349,4349,4328,4323,4408,4409,4410,4412,4412,4413,4501,4508,4509,4510,0,0,0,0,0,0,0,0,0,0,0,0,0,0,0,}
{
0,0,0,0,0,0,0,0,0,0,0,0,0,0,4067,4103,4135,4171,4257,-1,4278,4363,4400,4412,4414,4415,4415,4416,4416,4506,4509,4510,4511,4511,4512,4512,0,0,0,0,0,0,0,0,0,0,0,0,0,0,}
{
0,0,0,0,0,0,0,0,0,0,0,0,0,0,0,4088,4124,4156,4259,-1,4274,4364,4400,4450,4450,4429,4424,4509,4510,4512,4513,4513,4514,4603,4610,4611,4612,0,0,0,0,0,0,0,0,0,0,0,0,0,}
{
0,0,0,0,0,0,0,0,0,0,0,0,0,0,0,0,4108,4255,4260,4266,4358,4365,4379,4463,4500,4514,4515,4516,4516,4517,4517,4608,4611,4612,4613,4613,4614,4614,0,0,0,0,0,0,0,0,0,0,0,0,}
{
0,0,0,0,0,0,0,0,0,0,0,0,0,0,0,0,0,4258,4261,-1,4359,4365,4374,4465,4500,4551,4551,4530,4525,4611,4612,4614,4615,4615,4616,4705,4712,4713,4714,0,0,0,0,0,0,0,0,0,0,0,}
{
0,0,0,0,0,0,0,0,0,0,0,0,0,0,0,0,0,4259,4262,-1,4361,4366,4458,4465,4479,4564,4602,4616,4617,4618,4619,4619,4619,4710,4713,4714,4715,4715,4716,4716,0,0,0,0,0,0,0,0,0,0,}
{
0,0,0,0,0,0,0,0,0,0,0,0,0,0,0,0,4257,4260,4263,-1,4362,4366,4459,4466,4474,4566,4602,4654,4654,4633,4627,4713,4714,4716,4717,4717,4718,4807,4814,4815,4816,0,0,0,0,0,0,0,0,0,}
{
0,0,0,0,0,0,0,0,0,0,0,0,0,0,0,0,-1,4260,-1,-1,4362,4455,4461,4466,4559,4567,4581,4667,4704,4718,4719,4720,4720,4721,4721,4812,4815,4816,4817,4817,4818,4818,0,0,0,0,0,0,0,0,}
{
0,0,0,0,0,0,0,0,0,0,0,0,0,0,0,0,4259,4261,4357,4360,4363,4458,4462,4466,4561,4567,4576,4669,4704,4755,4755,4734,4729,4815,4816,4818,4819,4819,4820,4909,4916,4917,4918,0,0,0,0,0,0,0,}
{
0,0,0,0,0,0,0,0,0,0,0,0,0,0,0,0,0,4261,4358,4360,4451,4459,4462,4557,4562,4568,4662,4669,4683,4768,4806,4820,4821,4822,4823,4823,4823,4914,4917,4918,4919,4919,4920,4920,0,0,0,0,0,0,}
{
0,0,0,0,0,0,0,0,0,0,0,0,0,0,0,0,0,0,4359,4361,4457,4460,4463,4560,4563,4568,4663,4670,4678,4770,4806,4858,4858,4837,4831,4917,4918,4920,4921,4921,4922,4922,4923,4923,0,0,0,0,0,0,}
{
0,0,0,0,0,0,0,0,0,0,0,0,0,0,0,0,0,0,0,4361,4458,4460,4552,4561,4564,4659,4665,4670,4763,4771,4785,4871,4908,4922,4923,4924,4924,4925,4925,4925,4925,4925,4925,4925,0,0,0,0,0,0,}
{
0,0,0,0,0,0,0,0,0,0,0,0,0,0,0,0,0,0,0,0,4459,4461,4559,4562,4565,4662,4666,4670,4765,4771,4780,4872,4908,4959,4959,4938,4933,4931,4930,4929,4929,4928,4928,5000,5000,0,0,0,0,0,}
{
0,0,0,0,0,0,0,0,0,0,0,0,0,0,0,0,0,0,0,0,0,4461,4560,4562,4655,4663,4666,4761,4766,4772,4866,4873,4887,4972,5000,5000,5000,5000,5000,5000,5000,5000,5000,4999,4999,0,0,0,0,0,}
{
0,0,0,0,0,0,0,0,0,0,0,0,0,0,0,0,0,0,0,0,0,0,4561,4563,4661,4664,4667,4764,4767,4772,4867,4874,4882,4974,5000,5000,5000,5000,5000,5000,5000,5000,5000,5000,5000,0,0,0,0,0,}
{
0,0,0,0,0,0,0,0,0,0,0,0,0,0,0,0,0,0,0,0,0,0,0,4563,4662,4664,4756,4765,4768,4863,4869,4874,4967,4975,4989,5000,5000,5000,5000,5000,5000,5000,4998,4999,4999,0,0,0,0,0,}
{
0,0,0,0,0,0,0,0,0,0,0,0,0,0,0,0,0,0,0,0,0,0,0,0,4663,4665,4763,4766,4769,4866,4870,4874,4969,4975,4984,4993,4999,5000,5000,5000,5000,5000,5000,5000,4996,0,0,0,0,0,}
{
0,0,0,0,0,0,0,0,0,0,0,0,0,0,0,0,0,0,0,0,0,0,0,0,0,4665,4764,4766,4859,4867,4870,4964,4970,4976,4982,4989,4995,4998,5000,4999,5000,5000,4998,4999,0,0,0,0,0,0,}
{
0,0,0,0,0,0,0,0,0,0,0,0,0,0,0,0,0,0,0,0,0,0,0,0,0,0,4765,4767,4865,4868,4871,4968,4971,4976,4981,4986,4991,4995,4998,5000,5000,4999,5000,5000,0,0,0,0,0,0,}
{
0,0,0,0,0,0,0,0,0,0,0,0,0,0,0,0,0,0,0,0,0,0,0,0,0,0,0,4767,4866,4868,4960,4969,4972,4976,4980,4985,4988,4992,4995,4998,5000,5000,4998,0,0,0,0,0,0,0,}
{
0,0,0,0,0,0,0,0,0,0,0,0,0,0,0,0,0,0,0,0,0,0,0,0,0,0,0,0,4867,4869,4967,4970,4973,4976,4979,4983,4987,4990,4993,4995,4998,4999,5000,0,0,0,0,0,0,0,}
{
0,0,0,0,0,0,0,0,0,0,0,0,0,0,0,0,0,0,0,0,0,0,0,0,0,0,0,0,0,4869,4968,4970,4973,4976,4979,4982,4986,4989,4991,4994,4995,4997,0,0,0,0,0,0,0,0,}
{
0,0,0,0,0,0,0,0,0,0,0,0,0,0,0,0,0,0,0,0,0,0,0,0,0,0,0,0,0,0,4969,4971,4973,4976,4979,4982,4985,4987,4990,4992,4993,0,0,0,0,0,0,0,0,0,}
{
0,0,0,0,0,0,0,0,0,0,0,0,0,0,0,0,0,0,0,0,0,0,0,0,0,0,0,0,0,0,0,4971,4974,4976,4979,4981,4984,4986,4988,0,0,0,0,0,0,0,0,0,0,0,}
{
0,0,0,0,0,0,0,0,0,0,0,0,0,0,0,0,0,0,0,0,0,0,0,0,0,0,0,0,0,0,0,0,0,0,0,0,0,0,0,0,0,0,0,0,0,0,0,0,0,0,}
{
0,0,0,0,0,0,0,0,0,0,0,0,0,0,0,0,0,0,0,0,0,0,0,0,0,0,0,0,0,0,0,0,0,0,0,0,0,0,0,0,0,0,0,0,0,0,0,0,0,0,}
{
0,0,0,0,0,0,0,0,0,0,0,0,0,0,0,0,0,0,0,0,0,0,0,0,0,0,0,0,0,0,0,0,0,0,0,0,0,0,0,0,0,0,0,0,0,0,0,0,0,0,}
{
0,0,0,0,0,0,0,0,0,0,0,0,0,0,0,0,0,0,0,0,0,0,0,0,0,0,0,0,0,0,0,0,0,0,0,0,0,0,0,0,0,0,0,0,0,0,0,0,0,0,}
{
0,0,0,0,0,0,0,0,0,0,0,0,0,0,0,0,0,0,0,0,0,0,0,0,0,0,0,0,0,0,0,0,0,0,0,0,0,0,0,0,0,0,0,0,0,0,0,0,0,0,}
{
0,0,0,0,0,0,0,0,0,0,0,0,0,0,0,0,0,0,0,0,0,0,0,0,0,0,0,0,0,0,0,0,0,0,0,0,0,0,0,0,0,0,0,0,0,0,0,0,0,0,}
{
0,0,0,0,0,0,0,0,0,0,0,0,0,0,0,0,0,0,0,0,0,0,0,0,0,0,0,0,0,0,0,0,0,0,0,0,0,0,0,0,0,0,0,0,0,0,0,0,0,0,}
Total pheromoneCount: 3285490

Pheromone map for 5:
{
0,0,0,0,0,0,0,0,0,0,0,0,0,0,0,0,0,0,0,0,0,0,0,0,0,0,0,0,0,0,0,0,0,0,0,0,0,0,0,0,0,0,0,0,0,0,0,0,0,0,}
{
0,3893,3896,3884,0,0,0,0,0,0,0,0,0,0,0,0,0,0,0,0,0,0,0,0,0,0,0,0,0,0,0,0,0,0,0,0,0,0,0,0,0,0,0,0,0,0,0,0,0,0,}
{
0,3896,3913,3916,3905,3889,0,0,0,0,0,0,0,0,0,0,0,0,0,0,0,0,0,0,0,0,0,0,0,0,0,0,0,0,0,0,0,0,0,0,0,0,0,0,0,0,0,0,0,0,}
{
0,3884,3916,3934,3937,3925,3910,3894,3882,0,0,0,0,0,0,0,0,0,0,0,0,0,0,0,0,0,0,0,0,0,0,0,0,0,0,0,0,0,0,0,0,0,0,0,0,0,0,0,0,0,}
{
0,0,3905,3937,3954,3957,3946,3930,3914,3903,3887,0,0,0,0,0,0,0,0,0,0,0,0,0,0,0,0,0,0,0,0,0,0,0,0,0,0,0,0,0,0,0,0,0,0,0,0,0,0,0,}
{
0,0,3889,3925,3957,3974,3978,3966,3950,3935,3923,3907,0,0,0,0,0,0,0,0,0,0,0,0,0,0,0,0,0,0,0,0,0,0,0,0,0,0,0,0,0,0,0,0,0,0,0,0,0,0,}
{
0,0,0,3910,3946,3978,3995,3998,3986,3971,3955,3943,3928,0,0,0,0,0,0,0,0,0,0,0,0,0,0,0,0,0,0,0,0,0,0,0,0,0,0,0,0,0,0,0,0,0,0,0,0,0,}
{
0,0,0,3894,3930,3966,3998,4015,4018,4007,3991,3976,3964,3948,0,0,0,0,0,0,0,0,0,0,0,0,0,0,0,0,0,0,0,0,0,0,0,0,0,0,0,0,0,0,0,0,0,0,0,0,}
{
0,0,0,3882,3914,3950,3986,4018,4036,4039,4027,4012,3996,3984,3969,0,0,0,0,0,0,0,0,0,0,0,0,0,0,0,0,0,0,0,0,0,0,0,0,0,0,0,0,0,0,0,0,0,0,0,}
{
0,0,0,0,3903,3935,3971,4007,4039,4056,4059,4048,4032,4016,4005,3989,0,0,0,0,0,0,0,0,0,0,0,0,0,0,0,0,0,0,0,0,0,0,0,0,0,0,0,0,0,0,0,0,0,0,}
{
0,0,0,0,3887,3923,3955,3991,4027,4059,4076,4080,4068,4052,4037,4025,4010,0,0,0,0,0,0,0,0,0,0,0,0,0,0,0,0,0,0,0,0,0,0,0,0,0,0,0,0,0,0,0,0,0,}
{
0,0,0,0,0,3907,3943,3976,4012,4048,4080,4097,4100,4088,4073,4057,4046,4030,0,0,0,0,0,0,0,0,0,0,0,0,0,0,0,0,0,0,0,0,0,0,0,0,0,0,0,0,0,0,0,0,}
{
0,0,0,0,0,0,3928,3964,3996,4032,4068,4100,4117,4120,4109,4093,4078,4066,4050,0,0,0,0,0,0,0,0,0,0,0,0,0,0,0,0,0,0,0,0,0,0,0,0,0,0,0,0,0,0,0,}
{
0,0,0,0,0,0,0,3948,3984,4016,4052,4088,4120,4138,4141,4129,4114,4098,4086,4071,0,0,0,0,0,0,0,4238,4238,0,0,0,0,0,0,0,0,0,0,0,0,0,0,0,0,0,0,0,0,0,}
{
0,0,0,0,0,0,0,0,3969,4005,4037,4073,4109,4141,4158,4161,4150,4134,4118,4107,4091,0,0,0,4230,4238,4239,4240,4241,0,0,0,0,0,0,0,0,0,0,0,0,0,0,0,0,0,0,0,0,0,}
{
0,0,0,0,0,0,0,0,0,3989,4025,4057,4093,4129,4161,4178,4182,4170,4154,4139,4127,4112,4235,4239,4240,4241,4242,4243,4331,4332,4333,0,0,0,0,0,0,0,0,0,0,0,0,0,0,0,0,0,0,0,}
{
0,0,0,0,0,0,0,0,0,0,4010,4046,4078,4114,4150,4182,4199,4202,4190,4231,4239,4241,4243,4244,4245,4329,4332,4333,4334,4334,4335,4335,0,0,0,0,0,0,0,0,0,0,0,0,0,0,0,0,0,0,}
{
0,0,0,0,0,0,0,0,0,0,0,4030,4066,4098,4134,4170,4202,4217,4230,4246,4255,4251,4250,4331,4333,4334,4335,4336,4337,4425,4431,4432,4433,0,0,0,0,0,0,0,0,0,0,0,0,0,0,0,0,0,}
{
0,0,0,0,0,0,0,0,0,0,0,0,-1,4086,-1,-1,-1,-1,-1,-1,4324,4336,4338,4339,4339,4339,4340,4429,4432,4433,4434,4434,4435,4435,0,0,0,0,0,0,0,0,0,0,0,0,0,0,0,0,}
{
0,0,0,0,0,0,0,0,0,0,0,0,0,4071,4107,4139,4175,4207,4214,-1,4324,4373,4373,4352,4347,4432,4433,4434,4436,4436,4437,4525,4532,4533,4534,0,0,0,0,0,0,0,0,0,0,0,0,0,0,0,}
{
0,0,0,0,0,0,0,0,0,0,0,0,0,0,4091,4127,4159,4195,4281,-1,4302,4387,4424,4436,4438,4439,4439,4440,4440,4530,4533,4534,4535,4535,4536,4536,0,0,0,0,0,0,0,0,0,0,0,0,0,0,}
{
0,0,0,0,0,0,0,0,0,0,0,0,0,0,0,4112,4148,4180,4283,-1,4298,4388,4424,4474,4474,4453,4448,4533,4534,4536,4537,4537,4538,4627,4634,4635,4636,0,0,0,0,0,0,0,0,0,0,0,0,0,}
{
0,0,0,0,0,0,0,0,0,0,0,0,0,0,0,0,4132,4279,4284,4290,4382,4389,4403,4487,4524,4538,4539,4540,4540,4541,4541,4632,4635,4636,4637,4637,4638,4638,0,0,0,0,0,0,0,0,0,0,0,0,}
{
0,0,0,0,0,0,0,0,0,0,0,0,0,0,0,0,0,4282,4285,-1,4383,4389,4398,4489,4524,4575,4575,4554,4549,4635,4636,4638,4639,4639,4640,4729,4736,4737,4738,0,0,0,0,0,0,0,0,0,0,0,}
{
0,0,0,0,0,0,0,0,0,0,0,0,0,0,0,0,0,4283,4286,-1,4385,4390,4482,4489,4503,4588,4626,4640,4641,4642,4643,4643,4643,4734,4737,4738,4739,4739,4740,4740,0,0,0,0,0,0,0,0,0,0,}
{
0,0,0,0,0,0,0,0,0,0,0,0,0,0,0,0,4281,4284,4287,-1,4386,4390,4483,4490,4498,4590,4626,4678,4678,4657,4651,4737,4738,4740,4741,4741,4742,4831,4838,4839,4840,0,0,0,0,0,0,0,0,0,}
{
0,0,0,0,0,0,0,0,0,0,0,0,0,0,0,0,-1,4284,-1,-1,4386,4479,4485,4490,4583,4591,4605,4691,4728,4742,4743,4744,4744,4745,4745,4836,4839,4840,4841,4841,4842,4842,0,0,0,0,0,0,0,0,}
{
0,0,0,0,0,0,0,0,0,0,0,0,0,0,0,0,4283,4285,4381,4384,4387,4482,4486,4490,4585,4591,4600,4693,4728,4779,4779,4758,4753,4839,4840,4842,4843,4843,4844,4933,4940,4941,4942,0,0,0,0,0,0,0,}
{
0,0,0,0,0,0,0,0,0,0,0,0,0,0,0,0,0,4285,4382,4384,4475,4483,4486,4581,4586,4592,4686,4693,4707,4792,4830,4844,4845,4846,4847,4847,4847,4938,4941,4942,4943,4943,4944,4944,0,0,0,0,0,0,}
{
0,0,0,0,0,0,0,0,0,0,0,0,0,0,0,0,0,0,4383,4385,4481,4484,4487,4584,4587,4592,4687,4694,4702,4794,4830,4882,4882,4861,4855,4941,4942,4944,4945,4945,4946,4946,4947,4947,0,0,0,0,0,0,}
{
0,0,0,0,0,0,0,0,0,0,0,0,0,0,0,0,0,0,0,4385,4482,4484,4576,4585,4588,4683,4689,4694,4787,4795,4809,4895,4932,4946,4947,4948,4948,4949,4949,4949,4949,4949,4949,4949,0,0,0,0,0,0,}
{
0,0,0,0,0,0,0,0,0,0,0,0,0,0,0,0,0,0,0,0,4483,4485,4583,4586,4589,4686,4690,4694,4789,4795,4804,4896,4932,4983,4983,4962,4957,4955,4954,4953,4953,4952,4952,4952,0,0,0,0,0,0,}
{
0,0,0,0,0,0,0,0,0,0,0,0,0,0,0,0,0,0,0,0,0,4485,4584,4586,4679,4687,4690,4785,4790,4796,4890,4897,4911,4996,4998,4975,4967,4962,4959,4958,4956,4955,4955,4954,0,0,0,0,0,0,}
{
0,0,0,0,0,0,0,0,0,0,0,0,0,0,0,0,0,0,0,0,0,0,4585,4587,4685,4688,4691,4788,4791,4796,4891,4898,4906,4998,5000,5000,4972,4968,4964,4961,4960,4959,4958,4957,0,0,0,0,0,0,}
{
0,0,0,0,0,0,0,0,0,0,0,0,0,0,0,0,0,0,0,0,0,0,0,4587,4686,4688,4780,4789,4792,4887,4893,4898,4991,4999,5000,5000,5000,4971,4968,4965,4964,4962,4960,4959,0,0,0,0,0,0,}
{
0,0,0,0,0,0,0,0,0,0,0,0,0,0,0,0,0,0,0,0,0,0,0,0,4687,4689,4787,4790,4793,4890,4894,4898,4993,4999,5000,5000,5000,5000,4971,4968,4966,4964,4963,4961,0,0,0,0,0,0,}
{
0,0,0,0,0,0,0,0,0,0,0,0,0,0,0,0,0,0,0,0,0,0,0,0,0,4689,4788,4790,4883,4891,4894,4988,4994,5000,5000,5000,5000,5000,4974,4971,4968,4967,4965,0,0,0,0,0,0,0,}
{
0,0,0,0,0,0,0,0,0,0,0,0,0,0,0,0,0,0,0,0,0,0,0,0,0,0,4789,4791,4889,4892,4895,4992,4995,5000,5000,5000,5000,5000,5000,4973,4971,4969,4966,0,0,0,0,0,0,0,}
{
0,0,0,0,0,0,0,0,0,0,0,0,0,0,0,0,0,0,0,0,0,0,0,0,0,0,0,4791,4890,4892,4984,4993,4996,5000,4999,5000,5000,5000,4999,5000,4972,4970,0,0,0,0,0,0,0,0,}
{
0,0,0,0,0,0,0,0,0,0,0,0,0,0,0,0,0,0,0,0,0,0,0,0,0,0,0,0,4891,4893,4991,4994,4997,5000,4999,5000,5000,4999,5000,4999,5000,0,0,0,0,0,0,0,0,0,}
{
0,0,0,0,0,0,0,0,0,0,0,0,0,0,0,0,0,0,0,0,0,0,0,0,0,0,0,0,0,4893,4992,4994,4997,5000,4999,5000,5000,5000,5000,5000,5000,0,0,0,0,0,0,0,0,0,}
{
0,0,0,0,0,0,0,0,0,0,0,0,0,0,0,0,0,0,0,0,0,0,0,0,0,0,0,0,0,0,4993,4995,4997,5000,4998,5000,4999,5000,4998,5000,0,0,0,0,0,0,0,0,0,0,}
{
0,0,0,0,0,0,0,0,0,0,0,0,0,0,0,0,0,0,0,0,0,0,0,0,0,0,0,0,0,0,0,4995,4998,5000,4998,5000,4998,5000,0,0,0,0,0,0,0,0,0,0,0,0,}
{
0,0,0,0,0,0,0,0,0,0,0,0,0,0,0,0,0,0,0,0,0,0,0,0,0,0,0,0,0,0,0,0,0,0,0,0,0,0,0,0,0,0,0,0,0,0,0,0,0,0,}
{
0,0,0,0,0,0,0,0,0,0,0,0,0,0,0,0,0,0,0,0,0,0,0,0,0,0,0,0,0,0,0,0,0,0,0,0,0,0,0,0,0,0,0,0,0,0,0,0,0,0,}
{
0,0,0,0,0,0,0,0,0,0,0,0,0,0,0,0,0,0,0,0,0,0,0,0,0,0,0,0,0,0,0,0,0,0,0,0,0,0,0,0,0,0,0,0,0,0,0,0,0,0,}
{
0,0,0,0,0,0,0,0,0,0,0,0,0,0,0,0,0,0,0,0,0,0,0,0,0,0,0,0,0,0,0,0,0,0,0,0,0,0,0,0,0,0,0,0,0,0,0,0,0,0,}
{
0,0,0,0,0,0,0,0,0,0,0,0,0,0,0,0,0,0,0,0,0,0,0,0,0,0,0,0,0,0,0,0,0,0,0,0,0,0,0,0,0,0,0,0,0,0,0,0,0,0,}
{
0,0,0,0,0,0,0,0,0,0,0,0,0,0,0,0,0,0,0,0,0,0,0,0,0,0,0,0,0,0,0,0,0,0,0,0,0,0,0,0,0,0,0,0,0,0,0,0,0,0,}
{
0,0,0,0,0,0,0,0,0,0,0,0,0,0,0,0,0,0,0,0,0,0,0,0,0,0,0,0,0,0,0,0,0,0,0,0,0,0,0,0,0,0,0,0,0,0,0,0,0,0,}
Total pheromoneCount: 3234485

Pheromone map for 0.5:
{
0,0,0,0,0,0,0,0,0,0,0,0,0,0,0,0,0,0,0,0,0,0,0,0,0,0,0,0,0,0,0,0,0,0,0,0,0,0,0,0,0,0,0,0,0,0,0,0,0,0,}
{
0,3885,3888,3876,0,0,0,0,0,0,0,0,0,0,0,0,0,0,0,0,0,0,0,0,0,0,0,0,0,0,0,0,0,0,0,0,0,0,0,0,0,0,0,0,0,0,0,0,0,0,}
{
0,3888,3905,3908,3897,3881,0,0,0,0,0,0,0,0,0,0,0,0,0,0,0,0,0,0,0,0,0,0,0,0,0,0,0,0,0,0,0,0,0,0,0,0,0,0,0,0,0,0,0,0,}
{
0,3876,3908,3926,3929,3917,3902,3886,3874,0,0,0,0,0,0,0,0,0,0,0,0,0,0,0,0,0,0,0,0,0,0,0,0,0,0,0,0,0,0,0,0,0,0,0,0,0,0,0,0,0,}
{
0,0,3897,3929,3946,3949,3938,3922,3906,3895,3879,0,0,0,0,0,0,0,0,0,0,0,0,0,0,0,0,0,0,0,0,0,0,0,0,0,0,0,0,0,0,0,0,0,0,0,0,0,0,0,}
{
0,0,3881,3917,3949,3966,3970,3958,3942,3927,3915,3899,0,0,0,0,0,0,0,0,0,0,0,0,0,0,0,0,0,0,0,0,0,0,0,0,0,0,0,0,0,0,0,0,0,0,0,0,0,0,}
{
0,0,0,3902,3938,3970,3987,3990,3978,3963,3947,3935,3920,0,0,0,0,0,0,0,0,0,0,0,0,0,0,0,0,0,0,0,0,0,0,0,0,0,0,0,0,0,0,0,0,0,0,0,0,0,}
{
0,0,0,3886,3922,3958,3990,4007,4010,3999,3983,3968,3956,3940,0,0,0,0,0,0,0,0,0,0,0,0,0,0,0,0,0,0,0,0,0,0,0,0,0,0,0,0,0,0,0,0,0,0,0,0,}
{
0,0,0,3874,3906,3942,3978,4010,4028,4031,4019,4004,3988,3976,3961,0,0,0,0,0,0,0,0,0,0,0,0,0,0,0,0,0,0,0,0,0,0,0,0,0,0,0,0,0,0,0,0,0,0,0,}
{
0,0,0,0,3895,3927,3963,3999,4031,4048,4051,4040,4024,4008,3997,3981,0,0,0,0,0,0,0,0,0,0,0,0,0,0,0,0,0,0,0,0,0,0,0,0,0,0,0,0,0,0,0,0,0,0,}
{
0,0,0,0,3879,3915,3947,3983,4019,4051,4068,4072,4060,4044,4029,4017,4002,0,0,0,0,0,0,0,0,0,0,0,0,0,0,0,0,0,0,0,0,0,0,0,0,0,0,0,0,0,0,0,0,0,}
{
0,0,0,0,0,3899,3935,3968,4004,4040,4072,4089,4092,4080,4065,4049,4038,4022,0,0,0,0,0,0,0,0,0,0,0,0,0,0,0,0,0,0,0,0,0,0,0,0,0,0,0,0,0,0,0,0,}
{
0,0,0,0,0,0,3920,3956,3988,4024,4060,4092,4109,4112,4101,4085,4070,4058,4042,0,0,0,0,0,0,0,0,0,0,0,0,0,0,0,0,0,0,0,0,0,0,0,0,0,0,0,0,0,0,0,}
{
0,0,0,0,0,0,0,3940,3976,4008,4044,4080,4112,4130,4133,4121,4106,4090,4078,4063,0,0,0,0,0,0,0,4230,4230,0,0,0,0,0,0,0,0,0,0,0,0,0,0,0,0,0,0,0,0,0,}
{
0,0,0,0,0,0,0,0,3961,3997,4029,4065,4101,4133,4150,4153,4142,4126,4110,4099,4083,0,0,0,4222,4230,4231,4232,4233,0,0,0,0,0,0,0,0,0,0,0,0,0,0,0,0,0,0,0,0,0,}
{
0,0,0,0,0,0,0,0,0,3981,4017,4049,4085,4121,4153,4170,4174,4162,4146,4131,4119,4104,4227,4231,4232,4233,4234,4235,4323,4324,4325,0,0,0,0,0,0,0,0,0,0,0,0,0,0,0,0,0,0,0,}
{
0,0,0,0,0,0,0,0,0,0,4002,4038,4070,4106,4142,4174,4191,4194,4182,4223,4231,4233,4235,4236,4237,4321,4324,4325,4326,4326,4327,4327,0,0,0,0,0,0,0,0,0,0,0,0,0,0,0,0,0,0,}
{
0,0,0,0,0,0,0,0,0,0,0,4022,4058,4090,4126,4162,4194,4209,4222,4238,4247,4243,4242,4323,4325,4326,4327,4328,4329,4417,4423,4424,4425,0,0,0,0,0,0,0,0,0,0,0,0,0,0,0,0,0,}
{
0,0,0,0,0,0,0,0,0,0,0,0,-1,4078,-1,-1,-1,-1,-1,-1,4316,4328,4330,4331,4331,4331,4332,4421,4424,4425,4426,4426,4427,4427,0,0,0,0,0,0,0,0,0,0,0,0,0,0,0,0,}
{
0,0,0,0,0,0,0,0,0,0,0,0,0,4063,4099,4131,4167,4199,4206,-1,4316,4365,4365,4344,4339,4424,4425,4426,4428,4428,4429,4517,4524,4525,4526,0,0,0,0,0,0,0,0,0,0,0,0,0,0,0,}
{
0,0,0,0,0,0,0,0,0,0,0,0,0,0,4083,4119,4151,4187,4273,-1,4294,4379,4416,4428,4430,4431,4431,4432,4432,4522,4525,4526,4527,4527,4528,4528,0,0,0,0,0,0,0,0,0,0,0,0,0,0,}
{
0,0,0,0,0,0,0,0,0,0,0,0,0,0,0,4104,4140,4172,4275,-1,4290,4380,4416,4466,4466,4445,4440,4525,4526,4528,4529,4529,4530,4619,4626,4627,4628,0,0,0,0,0,0,0,0,0,0,0,0,0,}
{
0,0,0,0,0,0,0,0,0,0,0,0,0,0,0,0,4124,4271,4276,4282,4374,4381,4395,4479,4516,4530,4531,4532,4532,4533,4533,4624,4627,4628,4629,4629,4630,4630,0,0,0,0,0,0,0,0,0,0,0,0,}
{
0,0,0,0,0,0,0,0,0,0,0,0,0,0,0,0,0,4274,4277,-1,4375,4381,4390,4481,4516,4567,4567,4546,4541,4627,4628,4630,4631,4631,4632,4721,4728,4729,4730,0,0,0,0,0,0,0,0,0,0,0,}
{
0,0,0,0,0,0,0,0,0,0,0,0,0,0,0,0,0,4275,4278,-1,4377,4382,4474,4481,4495,4580,4618,4632,4633,4634,4635,4635,4635,4726,4729,4730,4731,4731,4732,4732,0,0,0,0,0,0,0,0,0,0,}
{
0,0,0,0,0,0,0,0,0,0,0,0,0,0,0,0,4273,4276,4279,-1,4378,4382,4475,4482,4490,4582,4618,4670,4670,4649,4643,4729,4730,4732,4733,4733,4734,4823,4830,4831,4832,0,0,0,0,0,0,0,0,0,}
{
0,0,0,0,0,0,0,0,0,0,0,0,0,0,0,0,-1,4276,-1,-1,4378,4471,4477,4482,4575,4583,4597,4683,4720,4734,4735,4736,4736,4737,4737,4828,4831,4832,4833,4833,4834,4834,0,0,0,0,0,0,0,0,}
{
0,0,0,0,0,0,0,0,0,0,0,0,0,0,0,0,4275,4277,4373,4376,4379,4474,4478,4482,4577,4583,4592,4685,4720,4771,4771,4750,4745,4831,4832,4834,4835,4835,4836,4925,4932,4933,4934,0,0,0,0,0,0,0,}
{
0,0,0,0,0,0,0,0,0,0,0,0,0,0,0,0,0,4277,4374,4376,4467,4475,4478,4573,4578,4584,4678,4685,4699,4784,4822,4836,4837,4838,4839,4839,4839,4930,4933,4934,4935,4935,4936,4936,0,0,0,0,0,0,}
{
0,0,0,0,0,0,0,0,0,0,0,0,0,0,0,0,0,0,4375,4377,4473,4476,4479,4576,4579,4584,4679,4686,4694,4786,4822,4874,4874,4853,4847,4933,4934,4936,4937,4937,4938,4938,4939,4939,0,0,0,0,0,0,}
{
0,0,0,0,0,0,0,0,0,0,0,0,0,0,0,0,0,0,0,4377,4474,4476,4568,4577,4580,4675,4681,4686,4779,4787,4801,4887,4924,4938,4939,4940,4940,4941,4941,4941,4941,4941,4941,4941,0,0,0,0,0,0,}
{
0,0,0,0,0,0,0,0,0,0,0,0,0,0,0,0,0,0,0,0,4475,4477,4575,4578,4581,4678,4682,4686,4781,4787,4796,4888,4924,4975,4975,4954,4949,4947,4946,4945,4945,4944,4944,4944,0,0,0,0,0,0,}
{
0,0,0,0,0,0,0,0,0,0,0,0,0,0,0,0,0,0,0,0,0,4477,4576,4578,4671,4679,4682,4777,4782,4788,4882,4889,4903,4988,4990,4967,4959,4954,4951,4950,4948,4947,4947,4946,0,0,0,0,0,0,}
{
0,0,0,0,0,0,0,0,0,0,0,0,0,0,0,0,0,0,0,0,0,0,4577,4579,4677,4680,4683,4780,4783,4788,4883,4890,4898,4990,5000,5000,5000,4960,4956,4953,4952,4951,4950,4949,0,0,0,0,0,0,}
{
0,0,0,0,0,0,0,0,0,0,0,0,0,0,0,0,0,0,0,0,0,0,0,4579,4678,4680,4772,4781,4784,4879,4885,4890,4983,4991,5000,5000,5000,5000,4960,4957,4956,4954,4952,4951,0,0,0,0,0,0,}
{
0,0,0,0,0,0,0,0,0,0,0,0,0,0,0,0,0,0,0,0,0,0,0,0,4679,4681,4779,4782,4785,4882,4886,4890,4985,4991,5000,5000,5000,5000,5000,5000,4958,4956,4955,4953,0,0,0,0,0,0,}
{
0,0,0,0,0,0,0,0,0,0,0,0,0,0,0,0,0,0,0,0,0,0,0,0,0,4681,4780,4782,4875,4883,4886,4980,4986,4992,4998,5000,5000,5000,5000,5000,5000,5000,4957,0,0,0,0,0,0,0,}
{
0,0,0,0,0,0,0,0,0,0,0,0,0,0,0,0,0,0,0,0,0,0,0,0,0,0,4781,4783,4881,4884,4887,4984,4987,4992,4997,5000,5000,5000,5000,5000,4998,5000,5000,5000,0,0,0,0,0,0,}
{
0,0,0,0,0,0,0,0,0,0,0,0,0,0,0,0,0,0,0,0,0,0,0,0,0,0,0,4783,4882,4884,4976,4985,4988,4992,4996,5000,4999,5000,5000,4999,5000,5000,4999,0,0,0,0,0,0,0,}
{
0,0,0,0,0,0,0,0,0,0,0,0,0,0,0,0,0,0,0,0,0,0,0,0,0,0,0,0,4883,4885,4983,4986,4989,4992,4995,4999,5000,5000,4999,5000,4999,5000,4996,0,0,0,0,0,0,0,}
{
0,0,0,0,0,0,0,0,0,0,0,0,0,0,0,0,0,0,0,0,0,0,0,0,0,0,0,0,0,4885,4984,4986,4989,4992,4995,4998,5000,5000,5000,5000,5000,4998,0,0,0,0,0,0,0,0,}
{
0,0,0,0,0,0,0,0,0,0,0,0,0,0,0,0,0,0,0,0,0,0,0,0,0,0,0,0,0,0,4985,4987,4989,4992,4995,4998,5000,4998,5000,4998,4999,0,0,0,0,0,0,0,0,0,}
{
0,0,0,0,0,0,0,0,0,0,0,0,0,0,0,0,0,0,0,0,0,0,0,0,0,0,0,0,0,0,0,4987,4990,4992,4995,4997,5000,4997,4999,0,0,0,0,0,0,0,0,0,0,0,}
{
0,0,0,0,0,0,0,0,0,0,0,0,0,0,0,0,0,0,0,0,0,0,0,0,0,0,0,0,0,0,0,0,0,0,0,0,0,0,0,0,0,0,0,0,0,0,0,0,0,0,}
{
0,0,0,0,0,0,0,0,0,0,0,0,0,0,0,0,0,0,0,0,0,0,0,0,0,0,0,0,0,0,0,0,0,0,0,0,0,0,0,0,0,0,0,0,0,0,0,0,0,0,}
{
0,0,0,0,0,0,0,0,0,0,0,0,0,0,0,0,0,0,0,0,0,0,0,0,0,0,0,0,0,0,0,0,0,0,0,0,0,0,0,0,0,0,0,0,0,0,0,0,0,0,}
{
0,0,0,0,0,0,0,0,0,0,0,0,0,0,0,0,0,0,0,0,0,0,0,0,0,0,0,0,0,0,0,0,0,0,0,0,0,0,0,0,0,0,0,0,0,0,0,0,0,0,}
{
0,0,0,0,0,0,0,0,0,0,0,0,0,0,0,0,0,0,0,0,0,0,0,0,0,0,0,0,0,0,0,0,0,0,0,0,0,0,0,0,0,0,0,0,0,0,0,0,0,0,}
{
0,0,0,0,0,0,0,0,0,0,0,0,0,0,0,0,0,0,0,0,0,0,0,0,0,0,0,0,0,0,0,0,0,0,0,0,0,0,0,0,0,0,0,0,0,0,0,0,0,0,}
{
0,0,0,0,0,0,0,0,0,0,0,0,0,0,0,0,0,0,0,0,0,0,0,0,0,0,0,0,0,0,0,0,0,0,0,0,0,0,0,0,0,0,0,0,0,0,0,0,0,0,}
Total pheromoneCount: 3264634



















Pheromone map factor 0: pheromone update 1000:
{
0,0,0,0,0,0,0,0,0,0,0,0,0,0,0,0,0,0,0,0,0,0,0,0,0,0,0,0,0,0,0,0,0,0,0,0,0,0,0,0,0,0,0,0,0,0,0,0,0,0,}
{
0,0,0,0,0,0,0,0,0,0,0,0,0,0,0,0,0,0,0,0,0,0,0,0,0,0,0,0,0,0,0,0,0,0,0,0,0,0,0,0,0,0,0,0,0,0,0,0,0,0,}
{
0,0,0,0,0,0,0,0,0,0,0,0,0,0,0,0,0,0,0,0,0,0,0,0,0,0,0,0,0,0,0,0,0,0,0,0,0,0,0,0,0,0,0,0,0,0,0,0,0,0,}
{
0,0,0,0,0,0,0,0,0,0,0,0,0,0,0,0,0,0,0,0,0,0,0,0,0,0,0,0,0,0,0,0,0,0,0,0,0,0,0,0,0,0,0,0,0,0,0,0,0,0,}
{
0,0,0,0,0,0,0,0,0,0,0,0,0,0,0,0,0,0,0,0,0,0,0,0,0,0,0,0,0,0,0,0,0,0,0,0,0,0,0,0,0,0,0,0,0,0,0,0,0,0,}
{
0,0,0,0,0,0,0,0,0,0,0,0,0,0,0,0,0,0,0,0,0,0,0,0,0,0,0,0,0,0,0,0,0,0,0,0,0,0,0,0,0,0,0,0,0,0,0,0,0,0,}
{
0,0,0,0,0,0,0,0,0,0,0,0,0,0,0,0,0,0,0,0,0,0,0,0,0,0,0,0,0,0,0,0,0,0,0,0,0,0,0,0,0,0,0,0,0,0,0,0,0,0,}
{
0,0,0,0,0,0,0,10,13,2,0,0,0,0,0,0,0,0,0,0,0,0,0,0,0,0,0,0,0,0,0,0,0,0,0,0,0,0,0,0,0,0,0,0,0,0,0,0,0,0,}
{
0,0,0,0,0,0,0,13,31,34,22,7,0,0,0,0,0,0,0,0,0,0,0,0,0,0,0,0,0,0,0,0,0,0,0,0,0,0,0,0,0,0,0,0,0,0,0,0,0,0,}
{
0,0,0,0,0,0,0,2,34,51,54,43,27,11,0,0,0,0,0,0,0,0,0,0,0,0,0,0,0,0,0,0,0,0,0,0,0,0,0,0,0,0,0,0,0,0,0,0,0,0,}
{
0,0,0,0,0,0,0,0,22,54,71,75,63,47,32,20,5,0,0,0,0,0,0,0,0,0,0,0,0,0,0,0,0,0,0,0,0,0,0,0,0,0,0,0,0,0,0,0,0,0,}
{
0,0,0,0,0,0,0,0,7,43,75,92,95,83,68,52,41,25,0,0,0,0,0,0,0,0,0,0,0,0,0,0,0,0,0,0,0,0,0,0,0,0,0,0,0,0,0,0,0,0,}
{
0,0,0,0,0,0,0,0,0,27,63,95,112,115,104,88,73,61,45,0,0,0,0,0,0,0,0,0,0,0,0,0,0,0,0,0,0,0,0,0,0,0,0,0,0,0,0,0,0,0,}
{
0,0,0,0,0,0,0,0,0,11,47,83,115,133,136,124,109,93,81,66,0,0,0,0,0,0,0,233,233,0,0,0,0,0,0,0,0,0,0,0,0,0,0,0,0,0,0,0,0,0,}
{
0,0,0,0,0,0,0,0,0,0,32,68,104,136,153,156,145,129,113,102,86,0,0,0,225,233,234,235,236,0,0,0,0,0,0,0,0,0,0,0,0,0,0,0,0,0,0,0,0,0,}
{
0,0,0,0,0,0,0,0,0,0,20,52,88,124,156,173,177,165,149,134,122,107,230,234,235,236,237,238,326,327,328,0,0,0,0,0,0,0,0,0,0,0,0,0,0,0,0,0,0,0,}
{
0,0,0,0,0,0,0,0,0,0,5,41,73,109,145,177,194,197,185,226,234,236,238,239,240,324,327,328,329,329,330,330,0,0,0,0,0,0,0,0,0,0,0,0,0,0,0,0,0,0,}
{
0,0,0,0,0,0,0,0,0,0,0,25,61,93,129,165,197,212,225,241,250,246,245,326,328,329,330,331,332,420,426,427,428,0,0,0,0,0,0,0,0,0,0,0,0,0,0,0,0,0,}
{
0,0,0,0,0,0,0,0,0,0,0,0,-1,81,-1,-1,-1,-1,-1,-1,319,331,333,334,334,334,335,424,427,428,429,429,430,430,0,0,0,0,0,0,0,0,0,0,0,0,0,0,0,0,}
{
0,0,0,0,0,0,0,0,0,0,0,0,0,66,102,134,170,202,209,-1,319,368,368,347,342,427,428,429,431,431,432,520,527,528,529,0,0,0,0,0,0,0,0,0,0,0,0,0,0,0,}
{
0,0,0,0,0,0,0,0,0,0,0,0,0,0,86,122,154,190,276,-1,297,382,419,431,433,434,434,435,435,525,528,529,530,530,531,531,0,0,0,0,0,0,0,0,0,0,0,0,0,0,}
{
0,0,0,0,0,0,0,0,0,0,0,0,0,0,0,107,143,175,278,-1,293,383,419,469,469,448,443,528,529,531,532,532,533,622,629,630,631,0,0,0,0,0,0,0,0,0,0,0,0,0,}
{
